1.0797278911564625
1.474467120181406
2.426485260770975
3.332063492063492
3.81968253968254
3.866122448979592
4.260861678004535
4.527891156462585
4.96907029478458
6.106848072562358
7.012426303854875
7.929614512471655
8.463673469387755
8.55655328798186
8.835192743764173
9.032562358276644
9.137052154195011
9.775600907029478
10.669569160997732
11.145578231292516
11.435827664399094
11.598367346938776
12.051156462585034
12.1556462585034
12.225306122448979
12.527165532879819
13.455963718820861
14.396371882086168
15.32517006802721
16.24235827664399
17.171156462585035
18.088344671201813
18.854603174603174
19.017142857142858
19.6324716553288
19.748571428571427
19.922721088435374
20.410340136054423
21.768707482993197
22.69750566893424
23.219954648526077
23.61469387755102
23.870113378684806
24.543492063492064
24.88018140589569
25.437460317460317
25.93668934240363
26.006349206349206
26.40108843537415
26.807437641723357
26.877097505668935
27.062857142857144
27.329886621315193
28.23546485260771
29.164263038548754
30.06984126984127
30.615510204081634
30.731609977324265
31.02185941043084
31.126349206349207
31.184399092970523
31.32371882086168
31.41659863945578
31.497868480725625
31.648798185941043
31.880997732426305
32.03192743764173
32.13641723356009
32.8562358276644
33.28580498866213
33.36707482993197
33.78503401360544
34.098503401360546
34.57451247165533
34.690612244897956
35.236281179138324
35.631020408163266
36.55981859410431
37.488616780045355
38.35936507936508
38.45224489795918
38.521904761904764
38.66122448979592
39.29977324263039
40.22857142857143
40.71619047619048
41.134149659863944
41.43600907029479
41.54049886621315
41.64498866213152
41.703038548752836
41.807528344671205
41.87718820861678
42.08616780045352
43.01496598639456
43.932154195011336
44.84934240362812
45.11637188208617
45.17442176870748
45.302131519274376
45.37179138321996
45.59238095238095
45.69687074829932
45.75492063492064
46.42829931972789
46.69532879818594
47.600907029478456
48.56453514739229
48.8431746031746
48.93605442176871
49.3772335600907
49.47011337868481
49.71392290249433
49.99256235827664
50.09705215419501
50.24798185941043
50.31764172335601
50.39891156462585
50.50340136054422
50.54984126984127
51.304489795918364
52.23328798185941
52.76734693877551
52.82539682539682
52.94149659863945
53.26657596371882
53.38267573696145
53.80063492063492
53.893514739229026
54.090884353741494
54.265034013605444
54.33469387755102
54.590113378684805
54.78748299319728
55.01968253968254
55.22866213151927
55.75111111111111
55.913650793650795
56.029750566893426
56.401269841269844
56.77278911564626
56.86566893424036
57.78285714285714
58.71165532879819
59.628843537414966
60.31383219954648
60.53442176870748
61.45160997732426
62.38040816326531
62.87963718820862
63.12344671201814
63.239546485260774
63.297596371882086
63.564625850340136
63.611065759637185
63.73877551020408
64.2380045351474
65.15519274376418
66.07238095238095
66.98956916099773
67.08244897959183
67.58167800453515
67.70938775510204
67.91836734693878
67.97641723356008
68.01124716553288
68.1621768707483
68.83555555555556
69.74113378684807
69.99655328798185
70.24036281179139
70.41451247165533
70.73959183673469
70.89052154195011
71.23882086167801
71.27365079365079
71.3665306122449
71.42458049886622
71.50585034013605
71.81931972789116
71.87736961451247
72.5275283446712
73.47954648526077
74.62893424036281
74.68698412698413
74.83791383219955
75.17460317460318
75.30231292517007
75.34875283446712
75.7318820861678
75.8247619047619
75.89442176870749
75.98730158730159
76.05696145124716
76.21950113378685
76.31238095238095
76.66068027210885
76.81160997732427
77.12507936507936
78.11192743764173
78.4021768707483
78.56471655328798
78.59954648526077
78.9362358276644
79.0291156462585
79.26131519274377
79.62122448979592
79.76054421768707
79.92308390022676
80.0043537414966
80.86349206349206
81.80390022675736
82.3263492063492
82.43083900226758
82.52371882086167
82.68625850340136
82.9881179138322
83.04616780045352
83.61505668934241
84.52063492063492
85.01986394557824
85.46104308390022
85.54231292517007
86.09959183673469
86.21569160997733
86.3201814058957
87.31863945578232
88.24743764172335
89.18784580498867
89.76834467120182
89.97732426303855
90.08181405895692
90.37206349206349
90.49977324263038
90.56943310657596
91.03383219954648
91.11510204081632
91.42857142857143
91.5330612244898
91.64916099773242
91.71882086167801
91.91619047619048
92.14839002267574
92.21804988662132
92.40380952380953
92.85659863945578
93.20489795918367
93.37904761904763
93.5415873015873
93.79700680272109
94.63292517006802
94.70258503401361
95.07410430839002
95.20181405895691
95.30630385487528
95.63138321995464
96.60662131519274
96.67628117913833
96.7459410430839
97.12907029478458
97.22195011337868
97.45414965986394
97.48897959183674
97.67473922902494
98.01142857142857
98.08108843537416
98.2552380952381
98.6964172335601
98.82412698412699
99.1027664399093
99.52072562358276
99.68326530612245
100.22893424036282
100.44952380952381
100.50757369614513
100.71655328798185
100.90231292517007
101.2390022675737
101.27383219954649
101.37832199546486
101.59891156462585
101.738231292517
102.0865306122449
102.19102040816327
102.29551020408164
102.4928798185941
102.60897959183673
103.00371882086168
103.94412698412698
104.88453514739228
105.79011337868481
106.09197278911564
106.69569160997733
107.62448979591836
108.54167800453514
109.47047619047619
110.39927437641724
111.30485260770975
112.22204081632653
114.06802721088435
114.32344671201814
114.9968253968254
121.45197278911564
122.41560090702947
123.321179138322
124.22675736961452
125.15555555555555
126.0843537414966
126.54875283446712
127.4659410430839
127.9071201814059
128.80108843537414
129.70666666666668
130.64707482993197
131.13469387755103
131.19274376417235
131.5526530612245
131.6687528344671
131.75002267573697
132.06349206349208
132.48145124716552
134.32743764172335
134.79183673469387
134.91954648526078
135.43038548752835
136.17342403628118
137.10222222222222
138.019410430839
138.9249886621315
139.4938775510204
139.8770068027211
139.9698866213152
140.01632653061225
140.1556462585034
140.7825850340136
141.15410430839003
141.21215419501135
142.24544217687074
142.3267120181406
142.39637188208616
142.79111111111112
142.8956009070295
143.56897959183672
144.4861678004535
145.42657596371882
145.89097505668934
145.97224489795917
146.3205442176871
146.45986394557823
146.54113378684806
147.26095238095238
148.16653061224488
149.1069387755102
150.02412698412698
150.99936507936508
151.11546485260772
151.48698412698414
151.73079365079366
151.78884353741498
151.84689342403627
152.11392290249432
152.19519274376418
152.2532426303855
152.33451247165533
152.55510204081634
152.7524716553288
152.83374149659863
153.27492063492065
153.40263038548753
153.8438095238095
153.97151927437642
154.6681179138322
155.58530612244897
156.50249433106575
157.41968253968253
157.89569160997732
157.9305215419501
158.34848072562357
159.24244897959184
160.18285714285713
160.78657596371883
161.11165532879818
161.63410430839002
162.0520634920635
162.16816326530613
162.24943310657596
162.53968253968253
162.78349206349208
162.9344217687075
163.25950113378684
163.38721088435375
163.46848072562358
163.51492063492063
163.88643990929705
164.3740589569161
164.4321088435374
164.501768707483
164.54820861678004
164.93133786848074
165.05904761904762
165.74403628117915
166.66122448979593
166.68444444444444
167.59002267573698
168.40272108843538
168.49560090702948
169.41278911564626
170.3067573696145
171.24716553287982
172.1643537414966
172.62875283446712
172.7332426303855
173.197641723356
173.34857142857143
173.56916099773244
173.84780045351474
173.9522902494331
174.37024943310658
174.47473922902495
174.63727891156464
174.96235827664398
175.22938775510204
175.46158730158731
175.54285714285714
175.84471655328798
176.05369614512472
176.36716553287982
