11.702857142857143
11.888616780045352
12.64326530612245
12.968344671201814
13.154104308390023
14.222222222222221
14.419591836734694
14.86077097505669
15.487709750566893
16.753197278911564
16.938956916099773
17.38013605442177
18.018684807256236
19.481541950113378
20.224580498866214
21.81514739229025
21.989297052154196
22.755555555555556
23.06902494331066
23.26639455782313
24.33451247165533
24.5318820861678
24.961451247165535
25.6
26.853877551020407
27.039637188208616
27.48081632653061
28.11936507936508
29.58222222222222
30.33687074829932
31.60235827664399
31.90421768707483
32.1015873015873
32.8562358276644
33.1697052154195
33.36707482993197
34.43519274376417
34.632562358276644
35.073741496598636
35.70068027210884
36.96616780045351
37.151927437641724
37.593106575963716
38.22004535147392
39.68290249433107
40.437551020408165
42.016507936507935
42.20226757369615
42.956916099773245
43.281995464852606
43.47936507936508
44.54748299319728
44.74485260770975
45.17442176870748
45.80136054421769
47.06684807256236
47.25260770975056
47.69378684807256
48.33233560090703
49.795192743764176
50.538231292517004
52.128798185941044
52.30294784580499
52.47709750566894
52.953106575963716
53.10403628117914
53.38267573696145
53.58004535147392
53.74258503401361
54.648163265306124
54.84553287981859
55.00807256235828
55.28671201814059
55.90204081632653
56.27356009070295
57.17913832199547
57.35328798185941
57.53904761904762
57.80607709750567
58.433015873015876
58.80453514739229
59.28054421768707
59.895873015873015
60.058412698412695
60.63891156462585
61.161360544217686
61.33551020408163
62.22947845804989
62.415238095238095
62.58938775510204
63.05378684807256
63.19310657596372
63.49496598639456
63.68072562358277
63.84326530612245
64.74884353741497
64.94621315192744
65.12036281179138
65.38739229024944
66.01433106575963
66.38585034013606
67.27981859410431
67.46557823129251
67.65133786848072
67.90675736961451
68.53369614512472
68.90521541950113
69.38122448979591
69.99655328798185
70.17070294784581
70.75120181405896
71.27365079365079
72.33015873015873
72.51591836734694
73.2821768707483
73.59564625850341
73.79301587301588
74.86113378684807
75.05850340136054
75.49968253968254
76.12662131519275
77.38049886621314
77.56625850340136
78.00743764172336
78.64598639455782
80.10884353741497
80.86349206349206
82.44244897959183
82.61659863945579
83.38285714285715
83.70793650793651
83.89369614512472
84.96181405895692
85.15918367346939
85.60036281179138
86.22730158730158
87.49278911564626
87.6669387755102
88.11972789115646
88.75827664399092
90.20952380952382
90.9641723356009
92.22965986394559
92.54312925170068
92.72888888888889
93.49514739229025
93.80861678004536
93.99437641723355
95.07410430839002
95.25986394557823
95.70104308390023
96.32798185941043
97.5934693877551
97.7792290249433
98.2204081632653
98.85895691609977
100.31020408163265
101.06485260770975
102.65541950113379
102.82956916099774
103.5958276643991
103.9092970521542
104.10666666666667
105.17478458049887
105.37215419501133
105.80172335600908
106.44027210884354
107.70575963718821
107.87990929705215
108.3326984126984
108.95963718820862
110.42249433106576
111.17714285714285
112.75609977324262
112.94185941043084
113.11600907029478
113.59201814058957
113.73133786848072
114.00997732426303
114.20734693877552
114.38149659863946
115.27546485260771
115.47283446712018
115.64698412698412
115.91401360544218
116.54095238095238
116.90086167800453
117.80643990929705
117.99219954648527
118.16634920634921
118.43337868480725
119.07192743764172
119.43183673469387
119.90784580498867
120.52317460317461
120.69732426303855
121.2778231292517
121.80027210884354
121.96281179138322
122.85678004535147
123.04253968253968
123.2282993197279
123.70430839002267
123.84362811791384
124.12226757369615
124.31963718820862
124.4821768707483
125.38775510204081
125.58512471655328
125.74766439909297
126.01469387755103
126.65324263038549
127.01315192743765
127.9071201814059
128.0928798185941
128.27863945578233
128.54566893424035
129.17260770975057
129.544126984127
130.0085260770975
130.62385487528346
130.79800453514738
131.37850340136055
131.4249433106576
