0.06965986394557823
0.5340589569160997
0.9752380952380952
1.4396371882086167
1.8808163265306121
2.345215419501134
2.809614512471655
3.274013605442177
3.7151927437641725
4.179591836734694
4.620770975056689
5.085170068027211
5.526349206349207
5.990748299319728
6.455147392290249
6.919546485260771
7.360725623582766
7.801904761904762
8.243083900226758
8.684263038548753
9.148662131519274
9.613061224489796
10.077460317460318
10.541859410430838
10.983038548752834
11.447437641723356
11.911836734693878
12.376235827664399
12.84063492063492
13.281814058956916
13.722993197278912
14.140952380952381
14.582131519274377
15.069750566893424
15.534149659863946
15.975328798185942
16.39328798185941
16.880907029478458
17.345306122448978
17.786485260770974
18.204444444444444
18.692063492063493
19.156462585034014
19.620861678004534
20.06204081632653
20.526439909297054
20.990839002267574
21.43201814058957
21.873197278911565
22.291156462585032
22.801995464852606
23.2431746031746
23.707573696145126
24.171972789115646
24.61315192743764
25.054331065759637
25.518730158730158
25.959909297052153
26.447528344671202
26.888707482993198
27.329886621315193
27.77106575963719
28.258684807256238
28.723083900226758
29.164263038548754
29.60544217687075
30.06984126984127
30.53424036281179
30.975419501133786
31.41659863945578
31.880997732426305
32.345396825396826
32.80979591836735
33.25097505668934
33.69215419501134
34.15655328798186
34.62095238095238
35.085351473922906
35.5265306122449
35.99092970521542
36.432108843537414
36.87328798185941
37.33768707482993
37.802086167800454
38.243265306122446
38.70766439909297
39.172063492063494
39.613242630385486
40.07764172335601
40.518820861678
40.983219954648526
41.44761904761905
41.88879818594104
42.353197278911566
42.79437641723356
43.25877551020408
43.723174603174606
44.18757369614512
44.62875283446712
45.023492063492064
45.51111111111111
45.97551020408163
46.439909297052154
46.88108843537415
47.34548752834467
47.78666666666667
48.251065759637186
48.66902494331066
49.13342403628118
49.574603174603176
50.062222222222225
50.50340136054422
50.944580498866216
51.38575963718821
51.89659863945578
52.33777777777778
52.8021768707483
53.2433560090703
53.707755102040814
54.12571428571429
54.56689342403628
55.05451247165533
55.51891156462585
55.93687074829932
56.401269841269844
56.888888888888886
57.35328798185941
57.817687074829934
58.35174603174603
58.83936507936508
59.32698412698413
59.791383219954646
60.25578231292517
60.69696145124716
61.13814058956916
61.602539682539685
62.0669387755102
62.531337868480726
62.94929705215419
63.43691609977324
63.92453514739229
64.38893424036281
64.85333333333334
65.31773242630385
65.75891156462585
66.17687074829932
66.61804988662132
67.08244897959183
67.57006802721088
68.01124716553288
68.42920634920635
68.89360544217688
69.35800453514739
69.79918367346939
70.24036281179139
70.70476190476191
71.19238095238096
71.65678004535147
72.14439909297052
72.67845804988661
73.23573696145125
73.70013605442176
74.16453514739229
74.60571428571428
75.07011337868481
75.53451247165533
75.97569160997732
76.44009070294784
76.88126984126984
77.34566893424036
77.81006802721089
78.25124716553287
78.7156462585034
79.1568253968254
79.62122448979592
80.08562358276644
80.5035827664399
80.96798185941043
81.43238095238095
81.89678004535148
82.33795918367348
82.80235827664399
83.26675736961451
83.70793650793651
84.14911564625851
84.61351473922902
85.07791383219954
85.51909297052154
85.98349206349206
86.44789115646259
86.91229024943311
87.3534693877551
87.7946485260771
88.25904761904762
88.72344671201814
89.16462585034013
89.60580498866213
90.07020408163265
90.53460317460318
90.97578231292518
91.44018140589569
91.90458049886621
92.34575963718821
92.78693877551021
93.25133786848073
93.71573696145124
94.18013605442177
94.62131519274377
95.08571428571429
95.52689342403629
95.96807256235827
96.40925170068027
96.89687074829932
97.33804988662132
97.75600907029478
98.19718820861678
98.6615873015873
99.14920634920635
99.61360544217688
100.07800453514739
100.54240362811791
100.98358276643991
101.42476190476191
101.88916099773243
102.35356009070294
102.79473922902494
103.25913832199547
103.72353741496599
104.16471655328799
104.6291156462585
105.0702947845805
105.53469387755102
105.97587301587302
106.44027210884354
106.88145124716553
107.34585034013605
107.78702947845805
108.25142857142858
108.71582766439909
109.18022675736961
109.62140589569161
110.06258503401361
110.52698412698413
110.99138321995464
111.43256235827664
111.89696145124717
112.33814058956916
112.80253968253969
113.24371882086167
113.7081179138322
114.17251700680272
114.56725623582767
115.03165532879818
115.51927437641723
115.98367346938775
116.4712925170068
116.93569160997733
117.40009070294785
117.84126984126983
118.30566893424036
118.72362811791383
119.16480725623583
119.60598639455782
120.04716553287982
120.48834467120182
120.99918367346939
121.44036281179139
121.88154195011337
122.3459410430839
122.81034013605442
123.25151927437642
123.71591836734694
124.1338775510204
124.55183673469388
124.99301587301588
125.50385487528345
125.96825396825396
126.43265306122449
126.89705215419501
127.33823129251701
127.80263038548753
128.24380952380952
128.68498866213153
129.07972789115647
129.5673469387755
130.03174603174602
130.47292517006804
130.93732426303856
131.40172335600906
131.86612244897958
132.3305215419501
132.74848072562358
133.18965986394556
133.6540589569161
134.0952380952381
134.55963718820863
135.04725623582766
135.51165532879818
135.9760544217687
136.4172335600907
136.8584126984127
137.27637188208618
137.74077097505668
138.2051700680272
138.6463492063492
139.11074829931974
139.57514739229026
140.0627664399093
140.52716553287982
140.9683446712018
141.43274376417233
141.87392290249434
142.31510204081633
142.7330612244898
143.1742403628118
143.6154195011338
144.12625850340137
144.6138775510204
145.07827664399093
145.54267573696146
145.96063492063493
146.42503401360545
146.88943310657595
147.35383219954647
147.7950113378685
148.259410430839
148.72380952380954
149.16498866213152
149.6061678004535
150.07056689342403
150.53496598639455
150.97614512471657
151.44054421768706
151.88172335600908
152.3461224489796
152.81052154195012
153.2517006802721
153.6928798185941
154.15727891156462
154.62167800453514
155.06285714285715
155.52725623582765
155.99165532879817
156.4328344671202
156.8972335600907
157.3384126984127
157.80281179138322
158.26721088435374
158.70839002267573
159.17278911564625
159.63718820861678
160.07836734693876
160.5427664399093
160.9839455782313
161.42512471655328
161.86630385487527
162.3307029478458
162.79510204081632
163.25950113378684
163.70068027210885
164.16507936507938
164.60625850340136
165.0706575963719
165.5350566893424
165.9762358276644
166.44063492063492
166.90503401360544
167.34621315192743
167.78739229024944
168.25179138321997
168.71619047619046
169.15736961451248
169.621768707483
170.06294784580498
170.5273469387755
170.9685260770975
171.43292517006802
171.89732426303854
172.33850340136055
172.80290249433108
173.24408163265306
173.7084807256236
174.1728798185941
174.63727891156464
175.10167800453516
175.54285714285714
175.98403628117913
176.44843537414965
176.91283446712018
177.3540136054422
177.79519274376418
178.23637188208616
178.67755102040817
179.11873015873016
179.58312925170068
180.0475283446712
180.51192743764173
180.95310657596372
181.41750566893424
181.8354648526077
182.29986394557824
182.74104308390022
183.1822222222222
183.64662131519273
184.08780045351475
184.52897959183673
184.97015873015874
185.41133786848073
185.8525170068027
186.29369614512473
186.7348752834467
187.1760544217687
187.6172335600907
188.0584126984127
